120 48
112  1312222333311  3301  1033  3110133120103123310202021202212101231312303122333311  3301  1033  31101331201031233102020212020
   12120123102102102 0210 1021023133ddd1333131312d2313110231 R k s  0210210 1021023133ddd1333131312d231312312123123  1231 23
12133311000102331 1 H 021 3023 123 123 123 123 103 123 13 12 r   p  3311000102331 10210210312123123123231231231dd31232  312312
112  131222233331   g     1033  31101331201031233102020212020r12  1312222333311  3301  1033  31101331201031233102020212020
   12120123102   e ggg   h 1023133ddd1333131312d 123 123 123 r h 2313 123 13 123 123 123 103 13123 123 123312123123  1231 23
12133311000102331   g      02 02313 331 313331ddd31232  31231r  12133311000102331 10210210312123123123231231231dd31232  312312
112  1312222333311     031 231 31 3103 12 31312312313 123 102r   23 1103012222333311  3301  1033  31101331201031233102020212020
   12120123102102102  210 1021023133ddd1333131312d23131102310r   0210210210210 1021023133ddd1333131312d231312312123123  1231 23
12133311000102331 10  02102 02313 1023 1023 1023 1023 103 103r   13 13 1023 123 103 bb12312312312312323123231231231dd31232  312312
      @                                      s               R                                        ssss     p    hhh
   1212012310210210210210 1231231 12123 13 123 1023123 123123r123123 123 123123131 23 10310310    3123 123 312123123  1231 23
12133311000102331 102102102 0231   1 313331ddd31232  312312  r2133311000102331 1021021031212312   3231231231dd31232  312312
112  1312222333311 1 2323 13 1231   103 1030303  303123123103r3131310313 123 123 123123 12312313   03123131311231233102020212020
   1212012310210210210210 102102  33ddd1333131312d23131102310r030210210210210 1021023133ddd13331  312d231312312123123  1231 23
12133311000102331 10210131231231   1023 123 123 123 123 123 1r 103 123 123 123 12 312312312312   231231231231312313312  312312
112  131222233331312312312312     g   123123123 123 123 12312r123123123123 123 123 123 23     W 31101331201031233102020212020
   1212012310210210210210 1      gg     333131312d23131102310r0302102102102            s   d1333131312d231312312123123  1231 23
12133311000102331 102102102     gggg  a   ggggggggggggg gg  gr               ggbggg1 10210210  2123123123231231231dd31232  312312
12133311000102331 102102102 02   gg  313331ddd31232  312 12  r21333g  dggbggg1 10210 10312123123123231231231dd31232  312312
112  1312222333311  31 031 231 31 3 03 12 31312312313 12  102r 1023   03012222333311  3301  1033  31101331201031233102020212020
   1212012310210210210210 102102313 ddd1333131312d231311 2310r0302  10210210 1021023 33ddd1333131312d231312312123123  1231 23
12133311000102331 102102102 02313 1 23 1023 1023 1023 10     z      023 123 103   12 12312312312323123231231231dd31232  312312
112  1312222333311  3301  1033  311 1331201031233102020212020r12  1312222333311  330   1033  31101331201031233102020212020
   1212012310210210210210 123123123 s     p  s s1023123 12312r1123123 123 123123131          bb   gg g g  312123123  1231 23
12133311000102331 102102102 02313 331  13331ddd31232  312312 r12133311000102331 1021                      1231dd31232  312312
12133311000102331 102102102 02313 331  13331ddd31232  312312 r1213331100010           h     H   a         1231dd31232  312312
112  1312222333311  31 031 231 31 310  12 31312312313 123 102r 1023 110301222233331                       201031233102020212020
   1212012310210210210210 1021023133ds 1333131312d23131102310r030210210210210 1021023                231312312123123  1231 23
12133311000102331 102102102 02313 102 b1023 1023 1023 103 103r13 13 13 1023 123 103   1231           2323123231231231dd31232  312312
112  1312222333311  3301  1033  31101 31201031233102020212020r12  1312222333311  3301  1033  31101331201031233102020212020
   1212012310210210210210 12312312312  3 13 123 1023123 12312r1123123 123 123123131 23 10      3123 123 312123123  1231 23
12133311000102331 102102102 02313 331   331ddd3123           z           e     h              23123231231231dd31232  312312
12133311000102331 102102102 02313 331 gggddddddd  ddd 312312 r12133311000102331c10210210312123123123231231231dd31232  312312
112  1312222333311  31 031 231 31 3103 12 31312312313 123 102r 1023 11030122223 3311  3301  1033  31101331201031233102020212020
   1212012310210210210210 1021023133ddd1333131312d23131102310r030210210210210 1   d23133ddd1333131312d231312312123123  1231 23
12133311000102331 102102102 02313 1023 1023 1023 1023 103 103r13 13 13 1023 123 dddddddddggg12312312312312323123231231231dd31232  312312
112  1312222333311  3301  1033  3110133120103123310202021202RR12  1312222333311  3301q1033  31101331201031233102020212020
   1212012310210210210210 12312312312123 13 123 1023123 1231r31123123 123 123123131 23 10310310 310 3123 123 312123123  1231 23
12133311000102331 102102102 02313 331 313331ddd31232  312312r 12133311000102331 10210210312123123123231231231dd31232  312312
12133311000102331 102102102 02313 331 313331ddd31232  312312r 12133311000102331 10210210312123123123231231231dd31232  312312
112  1312222333311  31 031 231 31 3103 12 31312312313 123 10r3 1023 1103012222333311  3301  1033  31101331201031233102020212020
   1212012310210210210210 1021023133ddd1333131312d2313110231r3030210210210210 1021023133ddd1333131312d231312312123123  1231 23
12133311000102331 102102102 02313 1023 1023 1023 1023 103 10r 13 13 13 1023 123 103   12312312312312323123231231231dd31232  312312
112  1312222333311  3301  1033  3110133120103123310202021202r112  1312222333311  3301  1033  31101331201031233102020212020
   1212012310210210210210 12312312312123 13 123 1023123 1231r31123123 123 123123131 23 10310310 310 3123 123 312123123  1231 23
12133311000102331 102102102 02313 331 313331ddd31232  312312r 12133311000102331 10210210312123123123231231231dd31232  312312
12133311000102331 102102102 02012312123123123 123 0123 12 12r23 123 123 12312312312 1210312123123123231231231dd31232  312312
112  1312222333311  31 031 231 31 3103 12 31312312313 123 10r3 1023 1103012222333311  3301  1033  31101331201031233102020212020
   1212012310210210210210 1021023133ddd1333131312d2313110231r3030210210210210 1021023133ddd1333131312d231312312123123  1231 23
12133311000102331 102102102 02313 1023 1023 1023 1023 103 10r 13 13 13 1023 123 103   12312312312312323123231231231dd31232  312312
112  1312222333311  3301  1033  3110133120103123310202021202r112  1312222333311  3301  1033  31101331201031233102020212020
   1212012310210210210210 12312312312123 13 123 1023123 1231r31123123 123 123123131 23 10310310 310 3123 123 312123123  1231 23
12133311000102331 102102102 02313 331 313331ddd31232  312312r12133311000102331 10210210312123123123231231231dd31232  312312

